910 889 882 907 868 890 890 903 892 887 867 910 866 892 874 906 925 880 891 907 883 896 881 905 904 898 889 904 871 900 
662 661 676 668 681 686 654 668 666 658 661 687 673 672 667 652 662 677 674 672 655 673 664 668 672 655 672 663 672 672 
95 95 93 95 94 94 94 94 94 92 95 96 93 96 94 95 95 96 95 94 94 94 95 95 94 95 95 94 95 93 
241 241 241 241 241 242 241 241 241 241 241 242 242 241 240 241 241 241 241 242 241 241 242 242 242 242 241 242 241 241 
1311 1338 1309 1310 1280 1310 1294 1317 1279 1298 1362 1324 1314 1323 1331 1309 1271 1353 1261 1337 1312 1337 1297 1280 1307 1325 1307 1306 1269 1237 
7931 7928 8041 7845 8076 8004 7912 8028 7910 8019 7956 8188 7989 8004 8253 7968 7864 7945 8004 7961 8067 7822 7915 7968 7705 7879 7944 7776 7914 7868 
5983 6027 5959 6017 6025 5960 6079 6063 5954 6002 6068 6063 5999 5892 5945 6004 6137 5930 5972 5941 5990 5981 5911 5929 6013 6065 5926 5972 5945 5961 
901 895 893 892 900 903 900 913 898 900 904 909 893 909 900 895 901 902 903 898 906 897 897 899 899 906 902 894 898 898 
2115 2111 2107 2115 2106 2109 2113 2113 2114 2104 2109 2111 2117 2108 2114 2113 2113 2113 2109 2112 2113 2113 2112 2113 2117 2113 2113 2118 2111 2111 
11338 12014 11710 11842 11552 11413 11377 11971 11528 11311 11701 11379 11519 11392 11601 11368 11613 11577 11350 11997 11754 11772 11595 11418 11338 11646 11743 11547 11492 11667 
74918 74201 74407 74081 73983 74712 73990 74981 73701 74086 73391 74771 74338 74206 74149 74916 73966 74005 73982 75489 75085 74567 74214 74471 75678 74193 74971 74810 74360 73666 
55946 55994 55779 56079 55921 56469 56372 56046 56517 55728 55845 56391 55624 55408 55738 56309 56169 55967 56541 56148 55475 56979 55655 56035 55534 55953 55724 56277 55809 56847 
8787 8776 8762 8740 8742 8785 8728 8774 8737 8752 8751 8760 8770 8727 8757 8728 8803 8757 8754 8758 8730 8775 8767 8775 8764 8763 8759 8797 8777 8774 
19496 19526 19530 19498 19486 19545 19490 19498 19557 19520 19525 19571 19544 19504 19504 19482 19532 19564 19521 19519 19516 19516 19513 19516 19507 19527 19522 19524 19507 19539 
109029 105727 106520 107492 108167 107762 108221 109030 108214 107848 106185 108836 107723 108496 105733 109295 106808 108187 107453 106390 107445 106859 107435 107051 106603 107423 108716 105816 109205 107190 
